camera_matrix:
- - 2355.034202837276
  - 0.0
  - 930.5033261029015
- - 0.0
  - 2350.816096719466
  - 560.0786709965711
- - 0.0
  - 0.0
  - 1.0
dist_coeff:
- - -0.21878596278620757
  - 0.22361488842885852
  - 0.00012625991973410264
  - -2.345080706526377e-05
  - -0.323106288306414
