camera_matrix:
- - 2441.1895832370387
  - 0.0
  - 1016.9792874226351
- - 0.0
  - 2435.266442716254
  - 520.3868054126752
- - 0.0
  - 0.0
  - 1.0
dist_coeff:
- - -0.23592760831189083
  - 0.6142885637008737
  - 0.001333947369836689
  - 0.001721523842578513
  - -1.3822252118959173
