camera_matrix:
- - 2418.416051628414
  - 0.0
  - 990.7883583113344
- - 0.0
  - 2415.2643768601
  - 544.0737759314243
- - 0.0
  - 0.0
  - 1.0
dist_coeff:
- - -0.21349151184650542
  - 0.1803173976291644
  - 0.0006683029232748497
  - -3.2357113552915425e-05
  - -0.10748030126983125
